Generation:
50

Phenotype:
AG_t(0)AG_t_1(0)

Genotype:
[41042, 47954, 86636, 60056, 70177, 11973, 63367, 79119, 79141, 38181, 63367, 25987, 34559, 15000, 48706, 21341, 97915, 63367, 11973, 63367, 84162, 79141, 38181, 63367, 25987, 34559, 15000, 48706, 21341, 97915, 63367, 79119, 79141, 11973, 63367, 79119, 79141, 38181, 63367, 25987, 34559, 15000, 48706, 21341, 97915, 63367, 79119, 79141, 11973, 63367, 79119, 31240, 15000, 48706, 21341, 23114, 79119, 79141, 11973, 63367, 79119, 31240, 15000, 48706, 21341, 23114, 92631, 11973, 63367, 79119, 31240, 15000, 54511, 8771, 62741, 73176, 21938, 48706, 21341, 23114, 92631, 19939, 20858, 64783, 44379, 33896, 71023, 639, 93128]
Tree:
(<R> (<O> AG_t( (<binario> 0) )) (<I> (<AP3_t_1> ) (<UFO_t_1> ) (<FUL_t_1> ) (<FT_t_1> ) (<AP1_t_1> ) (<EMF1_t_1> ) (<LFY_t_1> ) (<AP2_t_1> ) (<WUS_t_1> ) (<AG_t_1> AG_t_1( (<binario> 0) )) (<LUG_t_1> ) (<CLF_t_1> ) (<TFL1_t_1> ) (<PI_t_1> ) (<SEP_t_1> )))

Fitness:
1.0009632799902088