Generation:
50

Phenotype:
FT_t(1)EMF1_t_1(0)

Genotype:
[85378, 63597, 76673, 29165, 76673, 38075, 89697, 37689, 88223, 57434, 35238, 91275, 55015, 38227, 36351, 74833, 76673, 38075, 89697, 37689, 88223, 57434, 35238, 91275, 55015, 38227, 36351, 76673, 38075, 89697, 37689, 83498, 57434, 76673, 38075, 47364, 66154, 30700, 85810, 76673, 38075, 89697, 88607, 88223, 64216, 35238, 65304, 55015, 38227, 36351, 47364, 66154, 30700, 65097, 14630, 85810, 5917, 79990, 11409, 60259, 16558, 41932, 5073, 11004, 17997, 85674, 48005, 9827, 30242, 94989, 4857, 78608, 41850, 29141]
Tree:
(<R> (<O> FT_t( (<binario> 1) )) (<I> (<AP3_t_1> ) (<UFO_t_1> ) (<FUL_t_1> ) (<FT_t_1> ) (<AP1_t_1> ) (<EMF1_t_1> EMF1_t_1( (<binario> 0) )) (<LFY_t_1> ) (<AP2_t_1> ) (<WUS_t_1> ) (<AG_t_1> ) (<LUG_t_1> ) (<CLF_t_1> ) (<TFL1_t_1> ) (<PI_t_1> ) (<SEP_t_1> )))

Fitness:
0.7812147199738879