Generation:
50

Phenotype:
AP3_t(0)WUS_t_1(1)

Genotype:
[16800, 64633, 86636, 44069, 79141, 11973, 63367, 11973, 68727, 19449, 63367, 79119, 20454, 44069, 79141, 11973, 63367, 11973, 63367, 79119, 68727, 19449, 54511, 8771, 11973, 63367, 79119, 31240, 15000, 54511, 8771, 62741, 73176, 60056, 79141, 11973, 63367, 79119, 31240, 15000, 54511, 8771, 62741, 73176, 21938, 48706, 60056, 79141, 11973, 63367, 79119, 31240, 17385, 52154, 2429, 98474, 4160, 15960, 84322, 95856, 17039, 90933, 65870, 28186, 66531, 22025, 21419, 33563, 67480, 51291, 70431, 89409, 39696, 52510, 43046, 22316, 50699, 8116]
Tree:
(<R> (<O> AP3_t( (<binario> 0) )) (<I> (<AP3_t_1> ) (<UFO_t_1> ) (<FUL_t_1> ) (<FT_t_1> ) (<AP1_t_1> ) (<EMF1_t_1> ) (<LFY_t_1> ) (<AP2_t_1> ) (<WUS_t_1> WUS_t_1( (<binario> 1) )) (<AG_t_1> ) (<LUG_t_1> ) (<CLF_t_1> ) (<TFL1_t_1> ) (<PI_t_1> ) (<SEP_t_1> )))

Fitness:
14.956651399988125