Generation:
50

Phenotype:
EMF1_t(1)LFY_t_1(0)

Genotype:
[16386, 91733, 38807, 2255, 19391, 55597, 4269, 12979, 77517, 13687, 26326, 44444, 20891, 1111, 10547, 19391, 55597, 4269, 12979, 77517, 13687, 38807, 13687, 38807, 2255, 30928, 26326, 44444, 87065, 1111, 77408, 74746, 55597, 68748, 12979, 77517, 13687, 38807, 2255, 36877, 26326, 44444, 34934, 49706, 90061, 66474, 95088, 17434, 70544, 99499, 48249, 14931, 38170, 30826, 79165, 93730, 64067, 17740, 76016, 72243, 13667, 42038, 5129, 53293, 9593]
Tree:
(<R> (<O> EMF1_t( (<binario> 1) )) (<I> (<AP3_t_1> ) (<UFO_t_1> ) (<FUL_t_1> ) (<FT_t_1> ) (<AP1_t_1> ) (<EMF1_t_1> ) (<LFY_t_1> LFY_t_1( (<binario> 0) )) (<AP2_t_1> ) (<WUS_t_1> ) (<AG_t_1> ) (<LUG_t_1> ) (<CLF_t_1> ) (<TFL1_t_1> ) (<PI_t_1> ) (<SEP_t_1> )))

Fitness:
50.0