Generation:
50

Phenotype:
Rum1_t(0)PP_t_1(1)

Genotype:
[41405, 9407, 98772, 52701, 83451, 6955, 99621, 55117, 9407, 98772, 47295, 83451, 6955, 99621, 96061, 43883, 91117, 29417, 3682, 84793, 47295, 83451, 6955, 99621, 55117, 63211, 91117, 29417, 3682, 83451, 6955, 99621, 55117, 43883, 91117, 29417, 3682, 73279, 20011, 3971, 16140, 95882, 48924, 83451, 6955, 99621, 55117, 60403, 28658, 91117, 29417, 3682, 73279, 60836, 90512, 16140, 95882, 86807, 69491, 49339, 87498, 14238, 96172, 41732]
Tree:
(<R> (<O> Rum1_t( (<binario> 0) )) (<I> (<Start_t_1> ) (<SK_t_1> ) (<Ste9_t_1> ) (<Cdc2/Cdc13_t_1> ) (<Rum1_t_1> ) (<PP_t_1> PP_t_1( (<binario> 1) )) (<Cdc25_t_1> ) (<Slp1_t_1> ) (<Wee1/Mik1_t_1> ) (<Cdc2/Cdc13*_t_1> )))

Fitness:
19.3359375