Generation:
50

Phenotype:
E2F_t(0)p27_t_1(0)

Genotype:
[76310, 43393, 23734, 54040, 96321, 46639, 57137, 97903, 77171, 42030, 57272, 73207, 96321, 46639, 57137, 97903, 47658, 42030, 57272, 54040, 96321, 66409, 23734, 5657, 96321, 46639, 57137, 97903, 47658, 42030, 57272, 54040, 96321, 66409, 51355, 78261, 17465, 79378, 37402, 19013, 54104, 7005, 24078, 46639, 57137, 97903, 77171, 42030, 83156, 73207, 26045, 42406, 13235, 8075]
Tree:
(<R> (<O> E2F_t( (<binario> 0) )) (<I> (<CycD_t_1> ) (<CycE_t_1> ) (<Rb_t_1> ) (<E2F_t_1> ) (<CycA_t_1> ) (<p27_t_1> p27_t_1( (<binario> 0) )) (<Cdc20_t_1> ) (<UbcH10_t_1> ) (<Cdh1_t_1> ) (<CycB_t_1> )))

Fitness:
10.15625