Generation:
50

Phenotype:
UFO_t(0)AP2_t_1(1)

Genotype:
[70629, 53944, 20454, 35502, 17039, 55769, 11973, 63367, 17039, 63367, 17039, 90006, 17039, 28817, 11973, 66145, 17039, 84493, 28817, 11973, 63367, 17039, 90933, 65870, 28186, 66531, 52202, 95856, 17039, 28817, 11973, 63367, 17039, 90933, 65870, 28186, 66531, 52202, 21419, 88203, 60056, 79141, 11973, 63367, 79119, 31240, 17385, 52154, 95856, 17039, 90933, 65870, 28186, 66531, 22025, 21419, 33563, 67480, 51291, 70431, 89409, 39696, 52510, 43046, 22316, 50699, 8116]
Tree:
(<R> (<O> UFO_t( (<binario> 0) )) (<I> (<AP3_t_1> ) (<UFO_t_1> ) (<FUL_t_1> ) (<FT_t_1> ) (<AP1_t_1> ) (<EMF1_t_1> ) (<LFY_t_1> ) (<AP2_t_1> AP2_t_1( (<binario> 1) )) (<WUS_t_1> ) (<AG_t_1> ) (<LUG_t_1> ) (<CLF_t_1> ) (<TFL1_t_1> ) (<PI_t_1> ) (<SEP_t_1> )))

Fitness:
17.96874495999371