Generation:
50

Phenotype:
E2F_t(0)CycB_t_1(1)

Genotype:
[90787, 89898, 57562, 12319, 29971, 20297, 64503, 30359, 78191, 30359, 77529, 64503, 21257, 8432, 78191, 30359, 77529, 64503, 21257, 78191, 91177, 78191, 30359, 37764, 64503, 21257, 78191, 91177, 9326, 71468, 8761, 77494, 60889, 36535, 19806, 53573, 67118, 86939, 2553, 80020, 90491, 2497, 13764, 88154, 59168, 83531, 27295, 37270, 40085, 28726, 15172, 93837, 98772, 45211, 51779, 15955, 33313, 15960, 16116, 10552, 80811, 43841]
Tree:
(<R> (<O> E2F_t( (<binario> 0) )) (<I> (<CycD_t_1> ) (<CycE_t_1> ) (<Rb_t_1> ) (<E2F_t_1> ) (<CycA_t_1> ) (<p27_t_1> ) (<Cdc20_t_1> ) (<UbcH10_t_1> ) (<Cdh1_t_1> ) (<CycB_t_1> CycB_t_1( (<binario> 1) ))))

Fitness:
50.0