Generation:
50

Phenotype:
AP1_t(1)AG_t_1(0)

Genotype:
[86564, 67747, 55279, 35119, 86021, 18637, 65097, 44081, 35119, 86021, 18637, 18637, 65097, 34542, 81190, 41957, 95591, 73381, 41957, 35119, 86021, 18637, 65097, 34542, 81190, 41957, 95591, 73381, 28514, 83807, 55279, 86021, 18637, 65097, 34542, 81190, 41957, 95591, 73381, 28514, 83807, 9694, 24336, 36922, 66494, 29239, 81190, 86021, 41957, 95591, 73381, 28514, 83807, 9694, 24336, 36922, 66494, 29239, 81190, 41957, 95591, 73381, 7484, 79948, 46295, 47449, 95880, 52382, 28514, 83807, 9694, 24336, 36922, 66494, 29239, 54936, 31501, 73533, 75020, 624, 74568, 50683, 24660, 99645, 42632, 49949, 68982, 57795, 1268, 52102]
Tree:
(<R> (<O> AP1_t( (<binario> 1) )) (<I> (<AP3_t_1> ) (<UFO_t_1> ) (<FUL_t_1> ) (<FT_t_1> ) (<AP1_t_1> ) (<EMF1_t_1> ) (<LFY_t_1> ) (<AP2_t_1> ) (<WUS_t_1> ) (<AG_t_1> AG_t_1( (<binario> 0) )) (<LUG_t_1> ) (<CLF_t_1> ) (<TFL1_t_1> ) (<PI_t_1> ) (<SEP_t_1> )))

Fitness:
6.742332879986288