Generation:
50

Phenotype:
FT_t(1)TFL1_t_1(0)

Genotype:
[84948, 71427, 93793, 68985, 93793, 68985, 18053, 46765, 93793, 68985, 97915, 29639, 51355, 78261, 96079, 44503, 82142, 79892, 74493, 29639, 51355, 74493, 19449, 51355, 78261, 96079, 95976, 82142, 79892, 74493, 29639, 51355, 78261, 89602, 79378, 91446, 37402, 75494, 10100, 43206, 42817, 3037, 68672, 12897, 76568, 99646, 85400, 80984, 78517, 87449, 90158, 97845, 28645, 27680, 79954, 51876, 29141, 26432, 73711, 3459, 91150, 64072, 79709, 47522, 38920, 11158, 49959, 50939, 52437, 15000, 54511, 8771, 62741, 73176, 21938, 48706, 21341, 23114, 92631, 19569, 42802, 64783, 44379, 33896, 71023, 639, 93128]
Tree:
(<R> (<O> FT_t( (<binario> 1) )) (<I> (<AP3_t_1> ) (<UFO_t_1> ) (<FUL_t_1> ) (<FT_t_1> ) (<AP1_t_1> ) (<EMF1_t_1> ) (<LFY_t_1> ) (<AP2_t_1> ) (<WUS_t_1> ) (<AG_t_1> ) (<LUG_t_1> ) (<CLF_t_1> ) (<TFL1_t_1> TFL1_t_1( (<binario> 0) )) (<PI_t_1> ) (<SEP_t_1> )))

Fitness:
25.0