Generation:
50

Phenotype:
AP2_t(1)FUL_t_1(0)TFL1_t_1(0)

Genotype:
[70383, 47806, 69125, 45361, 45361, 60051, 13860, 83560, 92095, 62099, 82187, 85609, 45361, 85609, 45361, 45361, 60051, 13860, 83560, 92095, 62099, 82187, 85609, 45361, 85609, 45361, 45361, 60051, 13860, 83560, 15734, 69125, 84961, 92095, 62099, 47806, 92095, 62099, 47806, 63560, 45361, 60051, 45144, 14525, 69125, 84961, 92095, 62099, 40894, 55171, 14255, 79382, 29540, 19197, 58414, 82676, 68668, 85001, 4023, 51760, 88460, 75477, 42106, 86484, 82699, 55875, 7705, 96659, 39138, 16473]
Tree:
(<R> (<O> AP2_t( (<binario> 1) )) (<I> (<AP3_t_1> ) (<UFO_t_1> ) (<FUL_t_1> FUL_t_1( (<binario> 0) )) (<FT_t_1> ) (<AP1_t_1> ) (<EMF1_t_1> ) (<LFY_t_1> ) (<AP2_t_1> ) (<WUS_t_1> ) (<AG_t_1> ) (<LUG_t_1> ) (<CLF_t_1> ) (<TFL1_t_1> TFL1_t_1( (<binario> 0) )) (<PI_t_1> ) (<SEP_t_1> )))

Fitness:
25.0