Generation:
50

Phenotype:
AP1_t(0)LFY_t_1(0)

Genotype:
[72191, 70179, 76154, 5672, 59603, 25123, 55161, 10875, 3405, 74359, 1364, 47106, 71699, 3405, 11089, 59603, 25123, 75751, 10875, 3405, 74359, 74359, 1364, 67144, 71699, 3405, 11089, 34521, 29989, 82697, 74359, 21742, 40634, 10621, 98911, 94460, 98911, 94460, 13056, 71699, 3405, 11089, 6262, 98911, 37349, 62759, 23472, 98056, 97467, 71488, 3437, 59434, 27629, 28387, 89886, 1313, 93802, 48769, 52238, 82857, 72872, 76996, 34105, 32390, 61547, 68881, 24423, 99736, 69620, 1578, 86801, 70755, 43970, 87870, 29223, 22715, 3683]
Tree:
(<R> (<O> AP1_t( (<binario> 0) )) (<I> (<AP3_t_1> ) (<UFO_t_1> ) (<FUL_t_1> ) (<FT_t_1> ) (<AP1_t_1> ) (<EMF1_t_1> ) (<LFY_t_1> LFY_t_1( (<binario> 0) )) (<AP2_t_1> ) (<WUS_t_1> ) (<AG_t_1> ) (<LUG_t_1> ) (<CLF_t_1> ) (<TFL1_t_1> ) (<PI_t_1> ) (<SEP_t_1> )))

Fitness:
0.9409441199893267