Generation:
50

Phenotype:
AP1_t(0)AG_t_1(1)

Genotype:
[6053, 8967, 53902, 68650, 41503, 27393, 84793, 6955, 99621, 6955, 99621, 99621, 84793, 58750, 55117, 2349, 41503, 84793, 6955, 99621, 6955, 99621, 99621, 84793, 99621, 55117, 2349, 41503, 55690, 99621, 99621, 99621, 99621, 55117, 2349, 41503, 27393, 84793, 6955, 99621, 6955, 99621, 99621, 84793, 99621, 55117, 2349, 41503, 55690, 17087, 76615, 93852, 57981, 14427, 10853, 83451, 6955, 99621, 55117, 2349, 93585, 55690, 17087, 49051, 60836, 90512, 16140, 95882, 86807, 69491, 49339, 87498, 14238, 96172, 41732, 73904]
Tree:
(<R> (<O> AP1_t( (<binario> 0) )) (<I> (<AP3_t_1> ) (<UFO_t_1> ) (<FUL_t_1> ) (<FT_t_1> ) (<AP1_t_1> ) (<EMF1_t_1> ) (<LFY_t_1> ) (<AP2_t_1> ) (<WUS_t_1> ) (<AG_t_1> AG_t_1( (<binario> 1) )) (<LUG_t_1> ) (<CLF_t_1> ) (<TFL1_t_1> ) (<PI_t_1> ) (<SEP_t_1> )))

Fitness:
36.718740479986955