Generation:
50

Phenotype:
UbcH10_t(0)Rb_t_1(0)CycA_t_1(0)Cdh1_t_1(1)

Genotype:
[19939, 93128, 84948, 42563, 93793, 68985, 53892, 20558, 30043, 88700, 71314, 50939, 23431, 21171, 53892, 45059, 30043, 88700, 71314, 50939, 23431, 45376, 54511, 93793, 68985, 53892, 30043, 88700, 30043, 88700, 71314, 50939, 23431, 45376, 54511, 82390, 30043, 88700, 71314, 50939, 23431, 45376, 54511, 82390, 62741, 88700, 71314, 50939, 54040, 45376, 54511, 82390, 62741, 55373, 84948, 71426, 93793, 68985, 53892, 30043, 88700, 71314, 50939, 54040, 45376, 54511, 82390, 62741, 55373, 15489, 84948, 71426, 93793, 68985, 53892, 30043, 88700, 71314, 50939, 54040, 45376, 54511, 82390, 62741, 55373, 15489, 73176, 21938, 48706, 21341, 23114, 92631, 19569]
Tree:
(<R> (<O> UbcH10_t( (<binario> 0) )) (<I> (<CycD_t_1> ) (<CycE_t_1> ) (<Rb_t_1> Rb_t_1( (<binario> 0) )) (<E2F_t_1> ) (<CycA_t_1> CycA_t_1( (<binario> 0) )) (<p27_t_1> ) (<Cdc20_t_1> ) (<UbcH10_t_1> ) (<Cdh1_t_1> Cdh1_t_1( (<binario> 1) )) (<CycB_t_1> )))

Fitness:
1.7578125