Generation:
50

Phenotype:
Ste9_t(0)Cdc2/Cdc13*_t_1(1)

Genotype:
[53134, 56617, 28424, 66075, 28093, 2371, 77517, 2371, 66075, 28093, 2371, 61703, 99499, 42642, 2371, 66075, 28093, 56617, 77517, 28424, 66075, 28093, 2371, 61703, 66470, 42642, 2371, 35505, 44444, 8099, 49706, 90061, 7210, 95088, 17434, 44444, 34934, 49706, 90061, 69799, 95088, 17434, 99499, 48249, 14931, 38170, 30826, 79165, 93730, 70625, 17740, 76016, 72243, 13667]
Tree:
(<R> (<O> Ste9_t( (<binario> 0) )) (<I> (<Start_t_1> ) (<SK_t_1> ) (<Ste9_t_1> ) (<Cdc2/Cdc13_t_1> ) (<Rum1_t_1> ) (<PP_t_1> ) (<Cdc25_t_1> ) (<Slp1_t_1> ) (<Wee1/Mik1_t_1> ) (<Cdc2/Cdc13*_t_1> Cdc2/Cdc13*_t_1( (<binario> 1) ))))

Fitness:
46.875