Generation:
50

Phenotype:
AG_t(1)AP2_t_1(0)

Genotype:
[65594, 8967, 76615, 93852, 30813, 30813, 14427, 79225, 22501, 64153, 61201, 75976, 47600, 50583, 65373, 65373, 14427, 79225, 22501, 64153, 65373, 14427, 79225, 22501, 22165, 61201, 8967, 76615, 93852, 65373, 14427, 61400, 22501, 6955, 61201, 55117, 2349, 93585, 55690, 17087, 49051, 79225, 22501, 79225, 22501, 6955, 61201, 55117, 2349, 93585, 55690, 17087, 49051, 60836, 90512, 16140, 95882, 86807, 69491, 49339, 87498, 14238, 96172, 41732, 73904]
Tree:
(<R> (<O> AG_t( (<binario> 1) )) (<I> (<AP3_t_1> ) (<UFO_t_1> ) (<FUL_t_1> ) (<FT_t_1> ) (<AP1_t_1> ) (<EMF1_t_1> ) (<LFY_t_1> ) (<AP2_t_1> AP2_t_1( (<binario> 0) )) (<WUS_t_1> ) (<AG_t_1> ) (<LUG_t_1> ) (<CLF_t_1> ) (<TFL1_t_1> ) (<PI_t_1> ) (<SEP_t_1> )))

Fitness:
15.917953279986904