Generation:
50

Phenotype:
AP1_t(1)UFO_t_1(1)AG_t_1(0)

Genotype:
[74162, 82504, 94685, 38206, 50317, 78094, 97127, 32909, 65359, 37539, 3117, 89731, 24949, 24885, 17882, 78094, 97127, 32909, 65359, 37539, 3117, 55800, 24949, 24885, 64727, 17882, 62952, 64727, 64240, 91630, 67257, 67925, 67925, 2118, 37007, 82504, 56581, 38206, 50317, 78094, 97127, 32909, 41830, 37539, 3117, 32179, 17882, 62952, 64727, 74017, 17882, 62952, 64727, 64240, 94562, 64523, 67925, 2118, 37007, 24222, 60860, 89359, 370, 89881, 14103, 90101, 71511, 25058, 1908, 56317, 56063, 77973, 75450, 90310, 92822, 82868, 85047]
Tree:
(<R> (<O> AP1_t( (<binario> 1) )) (<I> (<AP3_t_1> ) (<UFO_t_1> UFO_t_1( (<binario> 1) )) (<FUL_t_1> ) (<FT_t_1> ) (<AP1_t_1> ) (<EMF1_t_1> ) (<LFY_t_1> ) (<AP2_t_1> ) (<WUS_t_1> ) (<AG_t_1> AG_t_1( (<binario> 0) )) (<LUG_t_1> ) (<CLF_t_1> ) (<TFL1_t_1> ) (<PI_t_1> ) (<SEP_t_1> )))

Fitness:
6.4453036799926355