Generation:
50

Phenotype:
Rum1_t(0)Rum1_t_1(0)

Genotype:
[90787, 96729, 94832, 62722, 68983, 64503, 30359, 27129, 93444, 9326, 11795, 8761, 81257, 60889, 36535, 19806, 64304, 62722, 68983, 64503, 30359, 78191, 91177, 9326, 55328, 12580, 77494, 60889, 49830, 67118, 86939, 2553, 80020, 90491, 2497, 13764, 88154, 59168, 83531, 27295, 37270, 40085, 28726, 15172, 93837, 98772, 45211, 51779, 15955, 33313, 15960, 16116, 10552, 80811, 43841]
Tree:
(<R> (<O> Rum1_t( (<binario> 0) )) (<I> (<Start_t_1> ) (<SK_t_1> ) (<Ste9_t_1> ) (<Cdc2/Cdc13_t_1> ) (<Rum1_t_1> Rum1_t_1( (<binario> 0) )) (<PP_t_1> ) (<Cdc25_t_1> ) (<Slp1_t_1> ) (<Wee1/Mik1_t_1> ) (<Cdc2/Cdc13*_t_1> )))

Fitness:
35.15625