Generation:
50

Phenotype:
FUL_t(0)AP1_t_1(1)

Genotype:
[51116, 99634, 95376, 51316, 88447, 34989, 3609, 22767, 72958, 55577, 3609, 22767, 3609, 22767, 88473, 21461, 21257, 28837, 60903, 88447, 21308, 60903, 805, 34989, 3609, 22767, 88473, 76843, 21257, 21308, 60903, 88447, 34989, 3609, 22767, 88473, 21308, 81257, 1362, 239, 88447, 11795, 3609, 22767, 88473, 21308, 60903, 1362, 239, 70516, 51729, 85052, 39616, 10055, 71807, 85643, 88447, 34989, 3609, 22767, 88473, 21308, 60903, 1362, 239, 70516, 26793, 85075, 90391, 10055, 39869, 85643, 84249, 51506, 38983, 12182, 66644, 83009, 27605, 51265, 78144, 69529, 19600, 66148]
Tree:
(<R> (<O> FUL_t( (<binario> 0) )) (<I> (<AP3_t_1> ) (<UFO_t_1> ) (<FUL_t_1> ) (<FT_t_1> ) (<AP1_t_1> AP1_t_1( (<binario> 1) )) (<EMF1_t_1> ) (<LFY_t_1> ) (<AP2_t_1> ) (<WUS_t_1> ) (<AG_t_1> ) (<LUG_t_1> ) (<CLF_t_1> ) (<TFL1_t_1> ) (<PI_t_1> ) (<SEP_t_1> )))

Fitness:
37.49999103998649