Generation:
50

Phenotype:
p27_t(0)CycA_t_1(0)

Genotype:
[90787, 81026, 94832, 46869, 10635, 64503, 30359, 78191, 81026, 94832, 46869, 68983, 64503, 30359, 78191, 91177, 9326, 71468, 8761, 16844, 49140, 68983, 64503, 30359, 78191, 91177, 51729, 31570, 39616, 32342, 71807, 77494, 60889, 36535, 19806, 53573, 67118, 86939, 2553, 80020, 90491, 2497, 13764, 88154, 59168, 83531, 27295, 37270, 40085, 28726, 15172, 93837, 98772, 45211, 51779, 15955, 33313, 15960, 16116, 10552, 80811, 43841]
Tree:
(<R> (<O> p27_t( (<binario> 0) )) (<I> (<CycD_t_1> ) (<CycE_t_1> ) (<Rb_t_1> ) (<E2F_t_1> ) (<CycA_t_1> CycA_t_1( (<binario> 0) )) (<p27_t_1> ) (<Cdc20_t_1> ) (<UbcH10_t_1> ) (<Cdh1_t_1> ) (<CycB_t_1> )))

Fitness:
40.625