Generation:
50

Phenotype:
SEP_t(0)LFY_t_1(0)

Genotype:
[40158, 40679, 54548, 1111, 77517, 13687, 38807, 70383, 70383, 36877, 26326, 44444, 55597, 92281, 44625, 77517, 13687, 38807, 70383, 70383, 36877, 26326, 44444, 44444, 55597, 92281, 70383, 36877, 26326, 47719, 55597, 6143, 13687, 38807, 70383, 15845, 26326, 44444, 34934, 47702, 36877, 41350, 44444, 34934, 49706, 90061, 83560, 95088, 17434, 70544, 99499, 48249, 14931, 38170, 30826, 79165, 93730, 64067, 17740, 76016, 72243, 13667, 42038, 5129, 53293, 9593]
Tree:
(<R> (<O> SEP_t( (<binario> 0) )) (<I> (<AP3_t_1> ) (<UFO_t_1> ) (<FUL_t_1> ) (<FT_t_1> ) (<AP1_t_1> ) (<EMF1_t_1> ) (<LFY_t_1> LFY_t_1( (<binario> 0) )) (<AP2_t_1> ) (<WUS_t_1> ) (<AG_t_1> ) (<LUG_t_1> ) (<CLF_t_1> ) (<TFL1_t_1> ) (<PI_t_1> ) (<SEP_t_1> )))

Fitness:
50.0