Generation:
50

Phenotype:
Cdc2/Cdc13_t(0)Rum1_t_1(1)

Genotype:
[24294, 12580, 14708, 57457, 85323, 1007, 57457, 85323, 6578, 35119, 1007, 57457, 85323, 55279, 35119, 55279, 35119, 64491, 41276, 40065, 35119, 64491, 65097, 40065, 83161, 61244, 42387, 34542, 1718, 33415, 69080, 95923, 97619, 67722, 39775, 25184, 63919, 2430, 69692, 24583, 43181, 55279, 35119, 64491, 65097, 40065, 83161, 61244, 42387, 48034, 86408, 21368, 81191]
Tree:
(<R> (<O> Cdc2/Cdc13_t( (<binario> 0) )) (<I> (<Start_t_1> ) (<SK_t_1> ) (<Ste9_t_1> ) (<Cdc2/Cdc13_t_1> ) (<Rum1_t_1> Rum1_t_1( (<binario> 1) )) (<PP_t_1> ) (<Cdc25_t_1> ) (<Slp1_t_1> ) (<Wee1/Mik1_t_1> ) (<Cdc2/Cdc13*_t_1> )))

Fitness:
3.9713541666666665