Generation:
50

Phenotype:
p27_t(0)CycA_t_1(1)

Genotype:
[26267, 52335, 44444, 55384, 77517, 39435, 51419, 35505, 19884, 42819, 26969, 77517, 35505, 26969, 77517, 77517, 35505, 66075, 42819, 2371, 24254, 44444, 34934, 49706, 90061, 69799, 95088, 17434, 70544, 99499, 2371, 42956, 44444, 34934, 17434, 70544, 99499, 48249, 14931, 81536, 30826, 79165, 93730, 62541, 95088, 17434, 70544, 99499, 48249, 14931, 38170, 30826, 79165, 93730, 64067, 17740, 76016, 72243, 13667]
Tree:
(<R> (<O> p27_t( (<binario> 0) )) (<I> (<CycD_t_1> ) (<CycE_t_1> ) (<Rb_t_1> ) (<E2F_t_1> ) (<CycA_t_1> CycA_t_1( (<binario> 1) )) (<p27_t_1> ) (<Cdc20_t_1> ) (<UbcH10_t_1> ) (<Cdh1_t_1> ) (<CycB_t_1> )))

Fitness:
46.875