Generation:
50

Phenotype:
Cdc2/Cdc13*_t(0)Slp1_t_1(1)

Genotype:
[84824, 5793, 42182, 53012, 75733, 75733, 35295, 35295, 65673, 92281, 47807, 50290, 78737, 75733, 35295, 35295, 65673, 15247, 47807, 50290, 75733, 7937, 50290, 2628, 56999, 75733, 35295, 50290, 55848, 47807, 66154, 46765, 207, 4255, 2186, 98846, 4255, 2186, 98846, 26151, 53012, 75733, 35295, 50290, 55848, 47807, 66154, 46765, 207, 60051, 83278, 12006, 4255, 2186, 98846, 35210, 14350, 81894, 24197, 45144, 38048, 9111, 21950, 20922, 33451]
Tree:
(<R> (<O> Cdc2/Cdc13*_t( (<binario> 0) )) (<I> (<Start_t_1> ) (<SK_t_1> ) (<Ste9_t_1> ) (<Cdc2/Cdc13_t_1> ) (<Rum1_t_1> ) (<PP_t_1> ) (<Cdc25_t_1> ) (<Slp1_t_1> Slp1_t_1( (<binario> 1) )) (<Wee1/Mik1_t_1> ) (<Cdc2/Cdc13*_t_1> )))

Fitness:
50.0