Generation:
50

Phenotype:
LFY_t(1)AP3_t_1(0)

Genotype:
[70383, 47806, 45361, 60051, 47122, 27804, 69125, 84961, 92095, 63663, 86643, 55171, 59137, 60051, 92095, 63663, 86643, 55171, 59137, 60051, 47122, 92292, 69125, 63663, 86643, 55171, 60051, 47122, 27804, 69125, 86643, 18249, 59137, 60051, 47122, 92292, 69125, 84961, 92095, 63663, 86643, 55171, 14255, 79382, 29540, 19197, 58414, 82676, 68668, 85001, 4023, 51760, 88460, 75477, 42106, 86484, 82699, 55875, 7705, 96659, 39138, 16473]
Tree:
(<R> (<O> LFY_t( (<binario> 1) )) (<I> (<AP3_t_1> AP3_t_1( (<binario> 0) )) (<UFO_t_1> ) (<FUL_t_1> ) (<FT_t_1> ) (<AP1_t_1> ) (<EMF1_t_1> ) (<LFY_t_1> ) (<AP2_t_1> ) (<WUS_t_1> ) (<AG_t_1> ) (<LUG_t_1> ) (<CLF_t_1> ) (<TFL1_t_1> ) (<PI_t_1> ) (<SEP_t_1> )))

Fitness:
37.5