Generation:
50

Phenotype:
PI_t(1)AP3_t_1(1)

Genotype:
[35409, 71427, 68985, 29639, 84480, 51355, 93793, 14151, 93793, 68985, 74493, 29639, 51355, 93793, 93793, 68985, 84241, 29639, 14151, 71401, 53892, 46765, 68985, 74493, 29639, 41528, 93793, 68985, 53892, 46765, 82142, 79892, 74493, 29639, 53182, 78261, 96079, 79378, 91446, 75494, 10100, 43206, 42817, 3037, 68672, 12897, 76568, 54040, 50939, 52437, 15000, 54511, 8771, 62741, 73176, 21938, 48706, 21341, 23114, 92631, 19569, 42802, 64783, 44379, 33896, 71023, 639, 93128]
Tree:
(<R> (<O> PI_t( (<binario> 1) )) (<I> (<AP3_t_1> AP3_t_1( (<binario> 1) )) (<UFO_t_1> ) (<FUL_t_1> ) (<FT_t_1> ) (<AP1_t_1> ) (<EMF1_t_1> ) (<LFY_t_1> ) (<AP2_t_1> ) (<WUS_t_1> ) (<AG_t_1> ) (<LUG_t_1> ) (<CLF_t_1> ) (<TFL1_t_1> ) (<PI_t_1> ) (<SEP_t_1> )))

Fitness:
5.859357919986934