Generation:
50

Phenotype:
UFO_t(0)AP2_t_1(0)

Genotype:
[33008, 52300, 65688, 42493, 73627, 33995, 73627, 66605, 66553, 73337, 17975, 51426, 7950, 20521, 31541, 56143, 33995, 73627, 96795, 73337, 17975, 51426, 7950, 20521, 73627, 96795, 90796, 33713, 81119, 33995, 73627, 66605, 66553, 73337, 17975, 51426, 7950, 20521, 31541, 31541, 81119, 33995, 73627, 66605, 66553, 73337, 17975, 51426, 7950, 20521, 31541, 56143, 33995, 73627, 96795, 90796, 72292, 66553, 73337, 17975, 51426, 7950, 87969, 31541, 56143, 66605, 66553, 73337, 17975, 51426, 7950, 87969, 31541, 56143, 9584, 27877, 17975, 51426, 9509, 39520, 31541, 56143, 9584, 27877, 87749, 39685, 16036, 20243, 93863, 84339, 86541]
Tree:
(<R> (<O> UFO_t( (<binario> 0) )) (<I> (<AP3_t_1> ) (<UFO_t_1> ) (<FUL_t_1> ) (<FT_t_1> ) (<AP1_t_1> ) (<EMF1_t_1> ) (<LFY_t_1> ) (<AP2_t_1> AP2_t_1( (<binario> 0) )) (<WUS_t_1> ) (<AG_t_1> ) (<LUG_t_1> ) (<CLF_t_1> ) (<TFL1_t_1> ) (<PI_t_1> ) (<SEP_t_1> )))

Fitness:
7.4218623999901965