Generation:
50

Phenotype:
EMF1_t(0)UFO_t_1(1)

Genotype:
[51116, 81257, 80206, 80258, 33251, 61222, 91193, 399, 69453, 88447, 34989, 3609, 3747, 4039, 34989, 3609, 45867, 4039, 72287, 34989, 3609, 3747, 4039, 72287, 41036, 98916, 88447, 54973, 3609, 34989, 3609, 37490, 4039, 72287, 55577, 98916, 88447, 34989, 3609, 88447, 21257, 3609, 37490, 4039, 72287, 399, 98916, 88447, 34989, 3609, 22767, 88473, 21308, 60903, 1362, 239, 70516, 26793, 85075, 90391, 10055, 39869, 85643, 84249, 51506, 67906, 12182, 66644, 83009, 27605, 51265, 78144, 69529, 19600, 66148]
Tree:
(<R> (<O> EMF1_t( (<binario> 0) )) (<I> (<AP3_t_1> ) (<UFO_t_1> UFO_t_1( (<binario> 1) )) (<FUL_t_1> ) (<FT_t_1> ) (<AP1_t_1> ) (<EMF1_t_1> ) (<LFY_t_1> ) (<AP2_t_1> ) (<WUS_t_1> ) (<AG_t_1> ) (<LUG_t_1> ) (<CLF_t_1> ) (<TFL1_t_1> ) (<PI_t_1> ) (<SEP_t_1> )))

Fitness:
25.0