Generation:
50

Phenotype:
E2F_t(0)Rb_t_1(1)

Genotype:
[66704, 20011, 93852, 14427, 14427, 58305, 93852, 14427, 58305, 83451, 6955, 99621, 55117, 60403, 93585, 52861, 14427, 58305, 93852, 14427, 58305, 83451, 99621, 55117, 60403, 93585, 52861, 64650, 28693, 93852, 74282, 48924, 83451, 6955, 99621, 55117, 60403, 28658, 91117, 29417, 3682, 73279, 60836, 90512, 16140, 95882, 86807, 69491, 49339, 87498, 14238, 96172, 41732]
Tree:
(<R> (<O> E2F_t( (<binario> 0) )) (<I> (<CycD_t_1> ) (<CycE_t_1> ) (<Rb_t_1> Rb_t_1( (<binario> 1) )) (<E2F_t_1> ) (<CycA_t_1> ) (<p27_t_1> ) (<Cdc20_t_1> ) (<UbcH10_t_1> ) (<Cdh1_t_1> ) (<CycB_t_1> )))

Fitness:
34.375