Generation:
50

Phenotype:
TFL1_t(0)UFO_t_1(1)

Genotype:
[16386, 80633, 74812, 34960, 71983, 60000, 91733, 1623, 49581, 72117, 41217, 30597, 20891, 37423, 1623, 49581, 41385, 19391, 41217, 91733, 1623, 49581, 72117, 41217, 73012, 20891, 78833, 41385, 19391, 37423, 1623, 49581, 72117, 1623, 49581, 72117, 41217, 22826, 3572, 95221, 51285, 8253, 78833, 32776, 86747, 24015, 40280, 86643, 11719, 85460, 75282, 84340, 44418, 29809, 51180, 40210, 5380, 42892, 24485, 41515, 75891, 39689, 32223, 43821, 13231]
Tree:
(<R> (<O> TFL1_t( (<binario> 0) )) (<I> (<AP3_t_1> ) (<UFO_t_1> UFO_t_1( (<binario> 1) )) (<FUL_t_1> ) (<FT_t_1> ) (<AP1_t_1> ) (<EMF1_t_1> ) (<LFY_t_1> ) (<AP2_t_1> ) (<WUS_t_1> ) (<AG_t_1> ) (<LUG_t_1> ) (<CLF_t_1> ) (<TFL1_t_1> ) (<PI_t_1> ) (<SEP_t_1> )))

Fitness:
43.75